armstrong_v1.txt 0.17388089439004195 0.12267797950843352 0.09431818706754058 0.17468302192375632 0.21139835303319984 0.011676883623478535 0.007931339530026395 11.904035753373673
armstrong_v2.txt 0.2110470929916887 0.12484087429032155 0.07543696554419572 0.2129874417136224 0.1840847882615186 -0.02522385688616935 -0.017455834882050467 11.884707508777419
bhattacharjee_2001.txt 0.14800099220698656 0.10548116894286826 0.06586544261237168 0.1498004307862057 0.16876952592324493 -0.05657229296667821 -0.144993424968033 21.07698950485112
chowdary.txt 0.39314275144566646 0.2697728892884726 0.318042889919756 0.4010632389139363 0.3635475340033758 0.22381050623865417 0.23317801641806452 15.285963872206999
dyrskjot.txt 0.15160247176486533 0.0984999884952752 0.06288085976982984 0.1186852760797163 0.12466842161516979 0.18052009706475483 0.06433235039202218 6.922271549358113
golub_v1.txt 0.22581651107028367 0.1294186135049198 0.047454553083982005 0.22464942121363649 0.2522010459553407 0.1933801613659778 0.0947538018357581 14.185675977542529
golub_v2.txt 0.2775064195221433 0.1290864127846369 0.02966143617731606 0.27634605427060943 0.19883353077710272 -0.08024709650255822 -0.10951184277007073 10.901935548234915
gordon.txt 0.4959238600769678 0.25208098087622277 0.12915423213456062 0.5005580007419759 0.3746332622343659 0.03868875846747209 0.17000255627410032 31.57555625238033
laiho.txt -0.02426703479746942 0.042058859302272995 0.039704931175076 -0.030269521353497458 0.12205373580673336 0.23748490280127144 0.13506919823309033 2.629057668894261
nutt_v1.txt -0.08084272114345167 0.044635161673139884 0.03941789273057428 -0.07799314320528486 0.04456160533393191 0.01096829896895096 0.0133532683606091 4.990364474435965
nutt_v2.txt -0.03173027398633602 0.11517613990077358 0.08866217971340548 -0.033047770040750386 0.1886594532332285 0.5701737335300996 0.5655274701267387 4.062601491150677
nutt_v3.txt -0.05754696342542048 0.14543708424707766 0.17468889255729647 -0.04544412106114957 0.36247047435200974 0.6706325947222461 0.6238981237178445 5.197474588524092
pomeroy_v1.txt 0.05700089187917038 0.033762150423083094 0.012682007395655205 0.06505993312130451 0.0009968177138723981 -0.020260531972108867 0.009218178951528228 1.3627255611363056
pomeroy_v2.txt 0.19840309922500687 0.13255673648894037 0.0650564260940874 0.20158312186805988 0.16740192754217187 -0.002519094408346857 -0.010877387064480014 5.634840678129838
ramaswamy.txt 0.1805401065330426 0.08636928525248336 -0.03019357109117037 0.17815149558908977 -0.09123896680247673 -0.2541753811488114 -0.23348766995845216 7.274029915214728
shipp.txt 0.10065576800614684 0.06084142324529607 0.026864145358534073 0.09360046083163272 0.03819107217804636 -0.03559137173712651 -0.0006346176125953994 4.017971784581588
singh.txt 0.10855977064549485 0.08355317475757178 0.06403211101329066 0.1165038123726645 0.12049041570564123 0.07610396660475104 0.07136724599010452 9.507984891506458
su.txt 0.28702633836005603 0.195538742711288 0.10969318070992956 0.2865986169234171 0.2678513262779926 -0.10057807697347577 -0.06775838153954059 18.070610661505633
west.txt 0.15880686401337477 0.08154622978235813 0.029622060768164427 0.15890304043168152 0.1261681621423734 0.041853314828817656 0.013945909513849414 5.232107712224589
yeoh_v1.txt 0.08527757217306545 0.024372079145346476 0.01967652444214561 0.07053680197377733 0.09193243682488936 0.11339215690223585 0.05188419713375355 13.331478545280754
yeoh_v2.txt 0.06675478677870239 0.013165363335121208 -0.007319576784859553 0.0664636597975855 -0.08231957313901456 -0.21575945505446853 -0.1882583668733266 5.081807724285297


             cosine             braycurtis               canberra                person            hellinger         wasserstein       energy distance        calinski harabaz
            0.6706 je najveci koeficijent za sill i dobijen je sa wasserstein_distancom...